.	y	1	2	3	x	4	5	6	7	8	9	10	11	12	13	14	
1	68	1	4	3	1128	4	6	1	1	7	1	3	0	0	0	2	
2	78	1	2	0	972	0	2	1	2	2	4	3	3	1	0	0	
3	220	0	11	6	1046	5	5	2	0	5	6	3	0	3	2	0	
4	115	0	0	0	740	0	0	3	0	5	8	4	3	0	0	0	
5	199	0	3	0	794	0	2	2	0	3	4	5	2	0	1	0	
6	205	1	6	1	626	0	0	1	2	4	1	2	0	0	0	0	
7	97	0	1	0	488	1	1	0	3	4	0	4	0	0	0	0	
8	70	0	0	0	364	1	4	4	2	1	8	5	1	1	0	0	
9	210	0	0	1	431	1	0	2	2	2	2	2	1	1	1	1	
10	57	1	0	0	269	2	0	1	1	8	4	5	0	1	0	0	
11	176	0	0	0	104	0	1	3	7	3	2	0	0	0	0	0	
12	175	0	1	0	237	0	0	3	3	1	3	1	0	0	0	0	
13	310	1	0	0	188	1	2	1	3	4	0	1	0	0	0	0	
14	438	0	1	0	40	0	1	0	1	4	0	1	0	0	0	0	
15	424	0	0	0	222	0	0	0	2	3	2	2	0	0	0	0	
16	330	0	7	1	529	0	1	3	3	2	0	1	0	1	0	0	
17	302	0	0	2	366	0	1	1	2	3	4	0	0	1	0	0	
18	458	0	0	0	442	0	2	1	1	2	2	0	0	1	0	0	
19	423	0	0	5	644	2	3	0	3	0	3	2	1	0	0	0	
20	310	0	1	1	711	0	3	3	4	3	1	0	0	0	0	0	
21	450	1	2	2	837	0	1	1	0	2	5	1	4	2	1	0	
22	303	2	6	5	955	3	2	3	6	4	2	0	0	1	0	0	
23	340	1	7	4	1111	6	6	3	4	5	1	1	0	0	0	0	
24	446	0	8	5	1045	1	3	4	0	6	5	2	3	1	0	0	
25	696	0	6	3	1050	1	5	0	1	8	7	4	0	0	0	0	
26	554	0	13	8	958	7	1	3	6	5	3	3	0	0	0	0	
27	535	1	10	7	1129	1	4	5	1	3	3	3	1	0	0	0	
28	687	1	4	1	642	0	0	4	3	3	2	1	0	0	0	0	
29	570	0	0	3	740	1	0	1	2	1	3	1	1	1	1	0	
30	707	1	15	4	834	1	3	9	6	1	1	0	0	0	0	0	
31	540	1	3	0	340	1	0	1	2	1	1	4	1	0	2	0	
32	533	1	2	3	565	1	1	1	2	1	3	3	0	0	1	1	
33	684	0	0	2	466	0	1	2	4	3	0	2	0	1	0	0	
34	578	0	2	0	129	4	0	1	0	0	0	0	0	0	0	0	
35	670	1	1	1	45	0	0	0	0	1	1	2	0	0	0	0	
36	700	0	2	2	248	3	4	1	0	0	1	1	0	0	0	0	
