.	1	2	3	4	5	6	7	8	9	10	11	12	13	14	15	16	17	18	19	20	21	22	
27m1	0	0	1	0	0	0	1	0	1	0	5	1	6	2	1	0	1	0	0	0	0	0	
27m2	0	0	0	0	0	3	1	3	4	4	2	8	1	0	2	0	2	0	0	0	0	0	
27m3	0	0	0	0	1	1	0	1	3	0	3	3	0	0	1	1	2	1	0	0	0	0	
28m1	0	1	0	0	0	1	2	1	3	3	7	4	0	1	2	0	0	0	0	0	0	0	
28m2	0	0	0	0	0	0	1	1	2	4	7	7	0	1	1	0	0	0	0	0	0	0	
28m3	0	0	1	0	0	0	0	1	4	4	4	2	1	1	1	0	0	1	0	0	0	0	
29m1	0	0	1	0	0	1	2	1	1	0	5	3	0	2	1	0	0	1	1	0	0	0	
29m2	0	0	1	0	0	0	0	1	0	1	2	2	2	3	0	0	0	0	0	0	0	0	
32m1	0	0	4	6	4	2	2	2	2	3	5	4	1	3	2	0	1	2	0	0	0	0	
32m2	0	0	4	5	3	4	3	4	3	4	4	4	1	1	0	1	0	0	0	0	0	0	
32m3	0	0	3	8	3	0	2	3	2	4	5	2	4	1	2	0	1	0	0	0	0	0	
33m1	0	0	7	1	2	2	2	1	0	4	5	5	6	2	2	0	1	1	0	0	0	0	
33m2	0	0	6	16	5	2	2	3	3	5	4	2	1	1	1	1	0	0	0	0	0	0	
33m3	0	1	6	8	4	3	2	1	3	5	3	4	2	0	2	1	0	0	0	0	0	0	
34m3	0	1	9	8	3	1	3	3	3	4	3	5	1	0	1	0	0	0	0	0	0	0	
35m1	0	2	0	2	1	0	1	1	1	2	4	2	2	1	0	1	0	0	0	0	0	0	
36m1	0	0	2	0	0	2	0	1	2	0	1	4	1	0	0	0	0	0	0	0	0	0	
36m2	0	0	2	0	1	0	0	0	0	1	1	0	0	2	0	0	0	0	0	0	0	0	
36m3	0	2	3	4	0	2	1	0	0	0	1	1	0	0	0	0	0	0	0	0	0	0	
