0.80
1.50
2.40
3.40
4.40
5.30
6.10
6.80
7.50
8.10
8.60
9.10
9.60
10.10
10.60
11.00
11.40
11.80
12.10
12.40
12.70
13.00
13.40
13.70
14.00
14.30
14.60
14.90
15.20
15.50
10.29
18.00
21.14
22.29
22.86
23.14
-1
7.43
12.86
16.00
18.57
21.29
22.14
-1
5.43
10.00
13.43
16.00
17.57
17.86
-1
3.29
6.43
8.86
11.71
13.86
16.00
-1
1.71
4.43
8.43
11.29
13.29
15.29
16.71
-1
2.43
3.71
5.14
6.86
8.29
9.71
10.86
11.43
12.00
12.57
13.14
13.71
-1
4.00
5.50
9.50
10.00
12.50
15.50
16.00
17.50
18.00
18.50
18.50
19.50
19.50
-1
1.44
3.11
5.00
6.56
8.00
9.44
10.89
11.67
12.22
12.89
-1
0.80
1.50
2.40
3.50
4.60
5.60
6.50
7.30
8.00
8.60
9.10
9.60
10.10
10.60
11.10
-1
0.80
1.40
2.30
3.20
4.20
5.10
5.90
6.60
7.30
8.00
8.60
9.10
9.60
10.10
10.60
11.10
11.60
12.00
12.40
12.80
13.20
13.80
14.00
14.40
14.80
-1
1.40
3.10
6.20
9.50
11.60
13.10
14.20
-1
1.20
2.90
6.40
9.70
12.10
13.20
14.50
-1
1.10
2.70
6.30
10.10
12.30
12.90
14.60
15.80
16.10
16.40
16.70
16.90
-1
1.20
3.20
5.20
7.80
9.60
11.10
12.80
-1
1.30
3.20
5.90
8.30
10.60
12.30
13.20
13.90
-1
1.60
5.50
8.30
11.40
14.00
15.90
-1
2.90
4.90
7.10
8.80
9.40
10.30
-1
3.00
5.30
7.80
9.50
10.80
11.80
-1
3.20
5.80
8.80
10.70
12.30
14.30
-1
6.14
9.45
12.29
14.42
16.52
18.22
-1
6.50
9.42
12.17
14.73
16.95
19.36
21.16
22.91
-1
6.90
9.72
12.15
14.73
16.97
19.21
21.11
22.70
-1
0.32
1.29
2.82
5.00
7.10
8.87
10.48
11.94
12.98
14.03
15.00
15.65
16.61
17.26
17.90
18.55
19.03
19.52
19.92
-1
5.00
10.36
14.45
16.64
18.82
20.91
21.91
22.09
23.00
5.00
10.36
14.45
16.64
18.82
20.91
21.91
22.09
23.00
-1
4.00
7.09
10.09
12.27
14.45
15.55
16.55
-1
6.55
9.83
12.24
13.97
15.34
16.03
-1
5.17
8.28
10.34
12.07
13.62
-1
5.69
8.45
10.34
12.07
13.45
14.66
-1
1.12
2.23
3.49
4.48
5.45
6.48
7.64
8.74
9.74
10.82
12.23
-1
1.17
2.55
3.84
5.09
6.30
7.36
8.59
9.72
10.43
11.15
12.00
-1
1.23
2.15
3.50
5.30
7.88
9.80
11.45
13.03
14.05
14.87
15.85
-1
1.52
4.36
6.54
8.82
10.13
10.94
11.64
12.03
13.14
14.57
15.70
16.00
-1
0.88
1.90
3.09
4.67
6.16
7.50
8.92
10.27
11.83
13.14
14.06
14.98
15.61
15.90
16.40
-1
1.15
2.27
4.40
6.60
8.33
9.57
11.07
12.20
14.35
15.60
16.50
17.10
-1
0.90
3.43
4.80
6.20
7.25
8.13
8.93
9.85
11.50
12.25
13.30
14.00
-1
1.23
2.73
4.60
4.30
6.55
8.85
10.15
12.15
13.35
13.80
-1
1.05
2.24
3.33
4.70
5.77
8.87
10.51
11.53
13.16
14.13
16.30
17.52
19.30
-1
1.69
4.06
6.93
9.39
12.21
13.72
15.26
16.15
-1
0.96
2.13
3.31
4.53
5.53
6.75
8.16
9.10
10.72
11.72
12.86
13.73
14.00
-1
0.67
1.81
3.34
5.03
6.51
8.43
9.94
11.75
-1
0.80
1.89
3.15
4.51
6.04
7.66
9.21
10.20
11.35
-1
1.56
4.32
7.49
10.88
14.02
15.54
17.30
17.50
18.00
-1
0.89
1.64
2.76
3.98
5.08
6.24
7.29
8.54
9.35
-1
